0.287364 73
0.071760 32
0.206140 99
0.043802 97
0.068805 110
0.149455 116
0.023807 32
0.255002 DEL
0.121590 DEL
0.173598 39
0.095801 116
0.096187 115
0.067891 117
0.213814 DEL
0.120097 DEL
0.071843 32
0.096268 115
0.037811 117
0.115989 112
0.136049 112
0.051929 111
0.112019 114
0.048266 116
0.023847 32
0.080127 98
0.067915 97
0.087948 99
0.087814 107
0.087117 115
0.107955 112
0.039887 97
0.069908 99
0.042750 101
0.075545 115
0.059840 32
0.379074 DEL
0.133039 DEL
0.150128 DEL
0.727832 101
0.024025 115
0.075821 32
0.190184 97
0.059803 99
0.148444 114
0.136621 115
0.048138 111
0.183982 DEL
0.112002 DEL
0.116175 111
0.056082 115
0.124819 115
0.079926 108
0.012237 32
0.071873 105
0.079846 110
0.298924 DEL
0.144119 DEL
0.123050 DEL
0.115762 DEL
0.084107 32
0.173883 108
0.020204 105
0.130984 110
0.016145 101
0.200876 32
0.345927 98
0.046248 111
0.053749 117
0.071838 110
0.068186 100
0.044566 97
0.075730 114
0.055691 105
0.133883 115
0.260208 DEL
0.071592 101
0.080878 115
0.589382 32
0.202993 101
0.060085 97
0.071888 115
0.153036 108
0.313067 DEL
0.208649 105
0.076333 108
0.139840 121
0.080003 32
0.072345 119
0.059886 105
0.109867 116
0.049498 104
0.062483 111
0.016096 117
0.055913 116
0.067983 32
0.083907 109
0.104309 97
0.055767 107
0.126898 105
0.116162 110
0.056015 103
0.040080 32
0.088005 109
0.184859 121
0.071740 32
0.076398 116
0.055650 101
0.084252 114
0.040181 109
0.083578 105
0.088263 110
0.341799 DEL
0.129103 DEL
0.107027 DEL
0.171016 DEL
0.143945 DEL
0.140111 DEL
0.142962 DEL
0.144074 DEL
0.115756 DEL
0.218874 105
0.104357 116
0.070600 32
0.028635 109
0.130635 117
0.090948 99
0.055893 104
0.068259 32
0.064176 115
0.080097 109
0.067603 97
0.048078 114
0.075904 116
0.072236 101
0.051804 114
0.052143 46
0.467124 10
0.149794 65
0.079915 108
0.087417 115
0.076847 111
0.043314 32
0.080494 105
0.060156 102
0.106736 32
0.056390 73
0.087488 32
0.092109 98
0.075988 97
0.039922 99
0.084199 107
0.048224 115
0.103551 112
0.044075 97
0.056060 99
0.031891 101
0.076003 32
0.100092 97
0.052023 116
0.061897 32
0.086207 116
0.075709 104
0.064184 101
0.056084 32
0.087831 98
0.072067 101
0.051896 103
0.084099 105
0.031928 110
0.130968 110
0.083805 105
0.100452 110
0.064629 103
0.126553 32
0.037853 111
0.093803 102
0.038163 32
0.110643 97
0.076331 32
0.047900 108
0.051804 105
0.076515 110
0.075695 101
0.039959 32
0.142796 116
0.044689 111
0.129266 111
0.068123 32
0.125840 108
0.328385 DEL
0.140814 109
0.113101 117
0.047890 99
0.076277 104
0.142831 44
0.052025 32
0.059907 119
0.068022 104
0.055974 97
0.036035 116
0.047970 32
0.031998 104
0.067888 97
0.076686 112
0.139932 112
0.088728 101
0.052811 110
0.131835 115
0.124652 63
0.192537 DEL
0.500517 DEL
0.083164 DEL
0.083435 DEL
0.085143 DEL
0.084288 DEL
0.083919 DEL
0.082960 DEL
0.084222 DEL
0.084672 DEL
0.737393 116
0.072470 32
0.039332 104
0.048533 97
0.067740 112
0.141738 112
0.403190 101
0.098074 110
0.097176 115
0.123803 63
0.141998 10
1.913351 72
0.575929 101
0.166986 101
0.063690 39
0.335564 DEL
0.143650 DEL
0.153896 114
0.047857 101
0.048644 32
0.095418 73
0.099845 39
0.087978 109
0.042010 32
0.042047 103
0.068005 111
0.068034 110
0.092178 110
0.088835 97
0.060118 32
0.083589 116
0.068386 101
0.045171 115
0.059498 116
0.019165 46
0.155282 46
0.098746 46
0.186992 DEL
0.500218 DEL
0.083890 DEL
0.084501 DEL
0.084438 DEL
0.083942 DEL
0.084289 DEL
0.084213 DEL
0.083563 DEL
0.084013 DEL
0.083953 DEL
0.084103 DEL
0.084470 DEL
0.084892 DEL
0.084843 DEL
0.083240 DEL
0.083768 DEL
0.084311 DEL
0.084241 DEL
0.083978 DEL
0.084350 DEL
0.084535 DEL
0.129452 DEL
0.141249 DEL
0.138326 DEL
0.147452 DEL
0.145846 DEL
0.146041 DEL
0.162908 DEL
0.124079 DEL
0.132765 DEL
0.150412 DEL
