0.947587 72
0.189334 105
0.163823 46
0.149916 46
0.164835 46
0.127820 46
0.738349 10
0.205949 73
0.083893 32
0.088063 119
0.047938 111
0.064142 110
0.059919 100
0.076917 101
0.076095 114
0.075876 32
0.122252 105
0.051765 102
0.076030 32
0.384016 101
0.048030 118
0.267167 101
0.060194 114
0.105338 121
0.064531 116
0.101490 104
0.052446 105
0.083791 110
0.060354 103
0.076412 32
0.055542 119
0.043795 111
0.071908 114
0.075073 107
0.044593 115
0.044252 32
0.072580 99
0.055414 111
0.076619 114
0.114415 114
0.037945 101
0.096115 99
0.205956 116
0.056080 108
0.059974 121
0.051732 32
0.048596 119
0.051261 105
0.096310 116
0.020021 104
0.051992 32
0.080047 98
0.076033 97
0.032157 99
0.139463 107
0.125388 115
0.158971 112
0.075826 97
0.064134 99
0.060080 101
0.051866 115
0.044131 44
0.100167 32
0.067818 101
0.047870 116
0.119681 99
0.055070 46
0.140262 63
0.164116 43
DEL
DEL
DEL
DEL
DEL
DEL
DEL
DEL
DEL
DEL
DEL
DEL
DEL
DEL
DEL
DEL
DEL
DEL
DEL
DEL
DEL
DEL
DEL
DEL
DEL
DEL
DEL
DEL
DEL
DEL
DEL
DEL
DEL
DEL
DEL
DEL
DEL
DEL
DEL
DEL
DEL
DEL
DEL
DEL
DEL
DEL
DEL
DEL
DEL
DEL
DEL
DEL
DEL
DEL
DEL
DEL
DEL
DEL
DEL
DEL
DEL
DEL
DEL
DEL
DEL
DEL
DEL
DEL
0.584075 67
0.072004 111
0.115766 111
0.154208 108
0.076072 32
0.111901 116
0.015921 111
DEL
DEL
0.104458 115
0.055529 116
0.016092 111
0.090914 114
0.068090 121
0.107605 46
0.120032 46
0.119171 46
0.137000 10
0.264071 65
0.075908 112
0.127084 112
0.079925 97
0.056040 114
0.040928 101
0.048627 110
0.102342 108
0.012109 116
0.056111 121
0.051873 32
0.088104 73
0.080112 32
0.083844 99
0.007863 97
0.079886 110
0.032129 39
0.104165 116
0.023872 32
0.068084 103
0.079834 111
0.059375 32
0.072654 98
0.064008 97
0.024030 99
0.100675 107
0.031295 32
0.100052 108
0.063963 105
0.024012 110
0.051935 101
0.044073 115
0.032090 46
0.189957 10
